700;110;-90
800;75;50;100
0.0;0.0;400.0;50.0
400.0;25.0;400.0;50.0
400.0;0.0;400.0;50.0
800.0;0.0;400.0;50.0
0.0;50.0;400.0;50.0
400.0;175.0;400.0;50.0
700.0;275.0;400.0;50.0
0.0;575.0;400.0;50.0
400.0;575.0;400.0;50.0
800.0;575.0;400.0;50.0
125.0;450.0;400.0;50.0
1200.0;225.0;50.0;400.0
1225.0;225.0;50.0;400.0
1250.0;225.0;50.0;400.0
0.0;175.0;50.0;400.0
1200.0;175.0;50.0;50.0
1200.0;0.0;50.0;50.0
1200.0;125.0;50.0;50.0
1200.0;50.0;50.0;50.0
1250.0;175.0;50.0;50.0
1250.0;50.0;50.0;50.0
1250.0;125.0;50.0;50.0
1250.0;0.0;50.0;50.0
1200.0;100.0;50.0;50.0
1250.0;100.0;50.0;50.0
0.0;125.0;50.0;50.0
0.0;0.0;50.0;50.0
0.0;100.0;50.0;50.0
350.0;200.0;50.0;50.0
325.0;200.0;50.0;50.0
275.0;200.0;50.0;50.0
225.0;200.0;50.0;50.0
175.0;200.0;50.0;50.0
250.0;250.0;50.0;50.0
250.0;300.0;50.0;50.0
300.0;325.0;50.0;50.0
100.0;300.0;50.0;50.0
75.0;350.0;50.0;50.0
25.0;375.0;50.0;50.0
50.0;325.0;50.0;50.0
50.0;300.0;50.0;50.0
350.0;350.0;50.0;50.0
500.0;425.0;50.0;50.0
500.0;375.0;50.0;50.0
500.0;325.0;50.0;50.0
375.0;325.0;50.0;50.0
375.0;275.0;50.0;50.0
500.0;200.0;50.0;50.0
450.0;200.0;50.0;50.0
400.0;225.0;50.0;50.0
550.0;225.0;50.0;50.0
550.0;200.0;50.0;50.0
575.0;225.0;50.0;50.0
600.0;250.0;50.0;50.0
625.0;325.0;50.0;50.0
625.0;275.0;50.0;50.0
675.0;275.0;50.0;50.0
700.0;425.0;50.0;50.0
750.0;425.0;50.0;50.0
800.0;425.0;50.0;50.0
850.0;425.0;50.0;50.0
900.0;425.0;50.0;50.0
950.0;425.0;50.0;50.0
1000.0;425.0;50.0;50.0
1050.0;425.0;50.0;50.0
975.0;300.0;50.0;50.0
1025.0;325.0;50.0;50.0
1050.0;325.0;50.0;50.0
975.0;550.0;50.0;50.0
1025.0;525.0;50.0;50.0
1050.0;525.0;50.0;50.0
1100.0;525.0;50.0;50.0
1150.0;525.0;50.0;50.0
1175.0;500.0;50.0;50.0
350.0;250.0;50.0;50.0
300.0;250.0;50.0;50.0
325.0;300.0;50.0;50.0
300.0;275.0;50.0;50.0
750.0;75.0;50.0;50.0
750.0;125.0;50.0;50.0
800.0;200.0;50.0;50.0
850.0;200.0;50.0;50.0
900.0;200.0;50.0;50.0
950.0;200.0;50.0;50.0
1000.0;200.0;50.0;50.0
1025.0;225.0;50.0;50.0
1050.0;250.0;50.0;50.0
625.0;225.0;50.0;50.0
675.0;225.0;50.0;50.0
725.0;225.0;50.0;50.0
775.0;225.0;50.0;50.0
825.0;225.0;50.0;50.0
875.0;225.0;50.0;50.0
925.0;225.0;50.0;50.0
975.0;225.0;50.0;50.0
25.0;0.0;400.0;50.0