100;100;45
300;50;50;100
250;50;50;50
200;50;50;50
250;100;50;50
0.0;0.0;400.0;50.0
900.0;0.0;400.0;50.0
500.0;0.0;400.0;50.0
0.0;575.0;400.0;50.0
400.0;575.0;400.0;50.0
0.0;175.0;50.0;400.0
0.0;0.0;50.0;400.0
1225.0;0.0;50.0;400.0
1250.0;0.0;50.0;400.0
1225.0;225.0;50.0;400.0
1250.0;225.0;50.0;400.0
0.0;175.0;50.0;400.0
0.0;0.0;50.0;400.0
1225.0;0.0;50.0;400.0
1250.0;0.0;50.0;400.0
1225.0;225.0;50.0;400.0
1250.0;225.0;50.0;400.0
900.0;0.0;400.0;50.0
400.0;425.0;400.0;50.0
150.0;425.0;400.0;50.0
500.0;150.0;400.0;50.0
50.0;0.0;400.0;50.0
900.0;0.0;400.0;50.0
400.0;425.0;400.0;50.0
150.0;425.0;400.0;50.0
500.0;150.0;400.0;50.0
50.0;0.0;400.0;50.0
900.0;0.0;400.0;50.0
400.0;425.0;400.0;50.0
150.0;425.0;400.0;50.0
500.0;150.0;400.0;50.0
50.0;0.0;400.0;50.0
450.0;0.0;50.0;50.0
25.0;150.0;50.0;50.0
50.0;175.0;50.0;50.0
75.0;200.0;50.0;50.0
100.0;225.0;50.0;50.0
125.0;250.0;50.0;50.0
150.0;275.0;50.0;50.0
200.0;275.0;50.0;50.0
250.0;275.0;50.0;50.0
300.0;275.0;50.0;50.0
350.0;275.0;50.0;50.0
400.0;275.0;50.0;50.0
475.0;275.0;50.0;50.0
450.0;275.0;50.0;50.0
150.0;25.0;50.0;50.0
175.0;50.0;50.0;50.0
200.0;75.0;50.0;50.0
225.0;100.0;50.0;50.0
250.0;125.0;50.0;50.0
450.0;150.0;50.0;50.0
400.0;150.0;50.0;50.0
350.0;150.0;50.0;50.0
300.0;150.0;50.0;50.0
275.0;150.0;50.0;50.0
100.0;275.0;50.0;50.0
50.0;275.0;50.0;50.0
50.0;225.0;50.0;50.0
450.0;0.0;50.0;50.0
25.0;150.0;50.0;50.0
50.0;175.0;50.0;50.0
75.0;200.0;50.0;50.0
100.0;225.0;50.0;50.0
125.0;250.0;50.0;50.0
150.0;275.0;50.0;50.0
200.0;275.0;50.0;50.0
250.0;275.0;50.0;50.0
300.0;275.0;50.0;50.0
350.0;275.0;50.0;50.0
400.0;275.0;50.0;50.0
475.0;275.0;50.0;50.0
450.0;275.0;50.0;50.0
150.0;25.0;50.0;50.0
175.0;50.0;50.0;50.0
200.0;75.0;50.0;50.0
225.0;100.0;50.0;50.0
250.0;125.0;50.0;50.0
450.0;150.0;50.0;50.0
400.0;150.0;50.0;50.0
350.0;150.0;50.0;50.0
300.0;150.0;50.0;50.0
275.0;150.0;50.0;50.0
100.0;275.0;50.0;50.0
50.0;275.0;50.0;50.0
50.0;225.0;50.0;50.0
400.0;275.0;400.0;50.0
400.0;275.0;400.0;50.0
900.0;150.0;50.0;50.0
900.0;200.0;50.0;50.0
900.0;250.0;50.0;50.0
900.0;300.0;50.0;50.0
900.0;350.0;50.0;50.0
900.0;400.0;50.0;50.0
800.0;425.0;50.0;50.0
850.0;425.0;50.0;50.0
875.0;425.0;50.0;50.0
900.0;150.0;50.0;50.0
900.0;200.0;50.0;50.0
900.0;250.0;50.0;50.0
900.0;300.0;50.0;50.0
900.0;350.0;50.0;50.0
900.0;400.0;50.0;50.0
800.0;425.0;50.0;50.0
850.0;425.0;50.0;50.0
875.0;425.0;50.0;50.0
900.0;150.0;50.0;50.0
900.0;200.0;50.0;50.0
900.0;250.0;50.0;50.0
900.0;300.0;50.0;50.0
900.0;350.0;50.0;50.0
900.0;400.0;50.0;50.0
800.0;425.0;50.0;50.0
850.0;425.0;50.0;50.0
875.0;425.0;50.0;50.0
875.0;175.0;50.0;50.0
875.0;400.0;50.0;50.0
25.0;300.0;50.0;50.0
25.0;575.0;50.0;50.0
25.0;550.0;50.0;50.0
1025.0;550.0;50.0;50.0
1050.0;525.0;50.0;50.0
1075.0;500.0;50.0;50.0
1100.0;475.0;50.0;50.0
1125.0;450.0;50.0;50.0
1150.0;425.0;50.0;50.0
1175.0;400.0;50.0;50.0
1200.0;375.0;50.0;50.0
925.0;375.0;50.0;50.0
950.0;350.0;50.0;50.0
975.0;325.0;50.0;50.0
1000.0;300.0;50.0;50.0
1025.0;275.0;50.0;50.0
1050.0;250.0;50.0;50.0
1000.0;250.0;50.0;50.0
950.0;250.0;50.0;50.0
950.0;300.0;50.0;50.0
1025.0;225.0;50.0;50.0
1000.0;200.0;50.0;50.0
975.0;175.0;50.0;50.0
950.0;150.0;50.0;50.0
950.0;200.0;50.0;50.0
1200.0;150.0;50.0;50.0
1175.0;125.0;50.0;50.0
1150.0;100.0;50.0;50.0
1125.0;75.0;50.0;50.0
1100.0;50.0;50.0;50.0
1075.0;25.0;50.0;50.0
1150.0;50.0;50.0;50.0
1175.0;75.0;50.0;50.0
1175.0;50.0;50.0;50.0
1175.0;450.0;50.0;50.0
1175.0;500.0;50.0;50.0
1175.0;550.0;50.0;50.0
1125.0;500.0;50.0;50.0
1125.0;550.0;50.0;50.0
1075.0;550.0;50.0;50.0
900.0;150.0;50.0;50.0
900.0;200.0;50.0;50.0
900.0;250.0;50.0;50.0
900.0;300.0;50.0;50.0
900.0;350.0;50.0;50.0
900.0;400.0;50.0;50.0
800.0;425.0;50.0;50.0
850.0;425.0;50.0;50.0
875.0;425.0;50.0;50.0
875.0;175.0;50.0;50.0
875.0;400.0;50.0;50.0
25.0;300.0;50.0;50.0
25.0;575.0;50.0;50.0
25.0;550.0;50.0;50.0
1025.0;550.0;50.0;50.0
1050.0;525.0;50.0;50.0
1075.0;500.0;50.0;50.0
1100.0;475.0;50.0;50.0
1125.0;450.0;50.0;50.0
1150.0;425.0;50.0;50.0
1175.0;400.0;50.0;50.0
1200.0;375.0;50.0;50.0
925.0;375.0;50.0;50.0
950.0;350.0;50.0;50.0
975.0;325.0;50.0;50.0
1000.0;300.0;50.0;50.0
1025.0;275.0;50.0;50.0
1050.0;250.0;50.0;50.0
1000.0;250.0;50.0;50.0
950.0;250.0;50.0;50.0
950.0;300.0;50.0;50.0
1025.0;225.0;50.0;50.0
1000.0;200.0;50.0;50.0
975.0;175.0;50.0;50.0
950.0;150.0;50.0;50.0
950.0;200.0;50.0;50.0
1200.0;150.0;50.0;50.0
1175.0;125.0;50.0;50.0
1150.0;100.0;50.0;50.0
1125.0;75.0;50.0;50.0
1100.0;50.0;50.0;50.0
1075.0;25.0;50.0;50.0
1150.0;50.0;50.0;50.0
1175.0;75.0;50.0;50.0
1175.0;50.0;50.0;50.0
1175.0;450.0;50.0;50.0
1175.0;500.0;50.0;50.0
1175.0;550.0;50.0;50.0
1125.0;500.0;50.0;50.0
1125.0;550.0;50.0;50.0
1075.0;550.0;50.0;50.0
825.0;575.0;400.0;50.0
800.0;575.0;400.0;50.0
825.0;575.0;400.0;50.0
800.0;575.0;400.0;50.0